11101000010111111000000010111111101101101010100100100011101001011011110101100010
10110010011100001000100110100000111100001101110110001111110111111000011111101100
01100110001110111110011011000111000000110010100010001110101100001011110101111011
10010101100110001010100100110011001100111101100001100100100111101101000010110010
01111000010000101000011010110110010110101001011101110001010011100110010011001101
11111001011100011001001000011110010111111111110001110110011100010100011000001010
10101101101111001101010100000000111001101001100111100001000001001000101000110011
11001101110001010001110111100100000110101110010010100011001000010110110010100011
01010110110100101110101111100010001000011011001110001110100000010000111001111001
00110110100100111100111001101110101011111101100011010110010101010010101100001110
11001001100101010001111010111110000011100111100000100010100000101101111111111101
11111000000111001011000010011001011011100111100001111001010011110101011001011010
11011110101111111101001011000010010010101110011100010101101101010001011011010100
01110110111001101110001010010110001010010101010000010010111110001010010011101100
01001010010111101000110010001001110101011110000000011111100000111001100001111000